$ANSIBLE_VAULT;1.1;AES256
31393533306563316130333732343836383363393834363034633436373934396633313035333036
3831616538343664666237346165393963643663613434370a376239653231336261323931633966
35366632636562366665663036393862633261633431653433366536353736346232646634326530
6534303665666163350a653363666238303137616632323037383962663862366635353066313563
35653935336334313861356537326231383561303438363333626264336266666261616539356432
65363738373830656266633666656337303465323262663662336239363265323939323539353264
35633133633131316236333962333264366162356435646131343733313832383133383131616639
65376661323332363637613733346638386232636630613138323764643931633538323037383332
36313432366134383738643364633364613033656365646436333531653438313638663635393935
66623036616665356537346562633534383635666636396333623561613337633866353132663836
30303363386262346161313939663733346263646139326239363337323666616462326561636537
61383464366361613165333436363864623436303266306335346430643733623361336530346434
32666632653232343262353563343263363961383330633238343636643435383332656663353165
35323539636630326531353662313930363661633834326665646232353565303462646130333936
35363837353830666331643831346237626134656262613661663239653264393366303135303862
35623366613136346439323835646565306330616138623938333061306333626233333732373630
39643364306532346636373839383964313364616566333464363263393939303039386665663335
66366661613632393631306438333234636134363461386235323930643131656365386433666138
633130643432393138376532623161393466
